Corners= [
36, 786;
61, 779;
787, 28;
455, 1;
];

C0= [
68, 731;
71, 731;
68, 730;
71, 730;
72, 730;
68, 727;
75, 727;
72, 725;
74, 725;
77, 725;
70, 724;
71, 724;
72, 724;
73, 724;
93, 724;
95, 724;
70, 723;
93, 723;
72, 722;
73, 722;
79, 722;
72, 721;
80, 721;
75, 720;
77, 720;
79, 720;
80, 720;
93, 720;
102, 720;
74, 719;
75, 719;
79, 719;
81, 719;
83, 719;
97, 719;
73, 718;
78, 718;
91, 718;
96, 718;
101, 718;
102, 718;
104, 718;
86, 717;
102, 717;
119, 717;
80, 716;
82, 716;
86, 716;
89, 716;
97, 716;
100, 716;
101, 716;
118, 716;
119, 716;
78, 715;
79, 715;
102, 715;
121, 715;
95, 714;
100, 714;
120, 714;
75, 713;
76, 713;
83, 713;
84, 713;
90, 713;
95, 713;
100, 713;
108, 713;
121, 713;
90, 712;
92, 712;
111, 712;
125, 712;
83, 711;
94, 711;
99, 711;
103, 711;
104, 711;
113, 711;
114, 711;
89, 710;
98, 710;
100, 710;
106, 710;
108, 710;
115, 710;
122, 710;
124, 710;
126, 710;
104, 709;
105, 709;
115, 709;
126, 709;
98, 708;
107, 708;
108, 708;
114, 708;
118, 708;
125, 708;
126, 708;
84, 707;
93, 707;
98, 707;
108, 707;
129, 707;
85, 706;
104, 706;
105, 706;
108, 706;
116, 706;
120, 706;
85, 705;
94, 705;
97, 705;
101, 705;
106, 705;
115, 705;
125, 705;
86, 704;
88, 704;
113, 704;
120, 704;
122, 704;
123, 704;
133, 704;
86, 703;
108, 703;
112, 703;
113, 703;
116, 703;
129, 703;
83, 702;
95, 702;
107, 702;
110, 702;
112, 702;
120, 702;
128, 702;
82, 701;
98, 701;
99, 701;
110, 701;
111, 701;
120, 701;
124, 701;
131, 701;
132, 701;
135, 701;
103, 700;
104, 700;
109, 700;
120, 700;
121, 700;
123, 700;
130, 700;
94, 699;
98, 699;
103, 699;
120, 699;
138, 699;
94, 698;
103, 698;
122, 698;
128, 698;
131, 698;
132, 698;
136, 698;
99, 697;
103, 697;
105, 697;
129, 697;
132, 697;
138, 697;
96, 696;
111, 696;
126, 696;
128, 696;
96, 695;
99, 695;
106, 695;
107, 695;
117, 695;
129, 695;
136, 695;
96, 694;
102, 694;
121, 694;
137, 694;
140, 694;
141, 694;
142, 693;
99, 692;
114, 692;
115, 692;
126, 692;
139, 692;
140, 692;
141, 692;
107, 691;
108, 691;
144, 691;
108, 690;
110, 690;
113, 690;
127, 690;
132, 690;
138, 690;
139, 690;
142, 690;
106, 689;
104, 688;
113, 688;
132, 688;
144, 688;
135, 687;
106, 686;
136, 686;
138, 686;
139, 686;
111, 685;
149, 685;
107, 684;
109, 683;
117, 683;
138, 683;
111, 682;
146, 682;
111, 681;
137, 681;
139, 680;
146, 680;
149, 680;
113, 679;
117, 679;
151, 678;
115, 677;
142, 677;
146, 675;
152, 672;
151, 671;
];

C1= [
50, 761;
61, 757;
62, 754;
63, 754;
72, 754;
64, 753;
79, 753;
55, 752;
63, 752;
72, 752;
80, 752;
55, 751;
72, 751;
73, 751;
56, 750;
66, 750;
74, 750;
82, 750;
66, 749;
74, 749;
75, 749;
82, 749;
76, 748;
84, 748;
66, 747;
77, 747;
78, 747;
66, 746;
68, 746;
76, 746;
78, 746;
85, 746;
59, 745;
69, 745;
78, 745;
87, 744;
68, 743;
69, 743;
78, 743;
80, 743;
87, 743;
62, 742;
69, 742;
72, 742;
78, 742;
81, 742;
79, 741;
89, 741;
82, 740;
74, 739;
90, 739;
91, 739;
92, 738;
93, 736;
66, 735;
73, 735;
86, 735;
94, 735;
103, 735;
84, 734;
95, 734;
66, 733;
67, 733;
95, 733;
69, 729;
92, 729;
99, 728;
100, 727;
110, 727;
111, 726;
112, 725;
87, 721;
111, 720;
76, 719;
91, 716;
103, 716;
86, 715;
111, 714;
116, 714;
92, 713;
106, 713;
79, 712;
106, 712;
95, 710;
102, 710;
120, 710;
90, 708;
103, 708;
115, 708;
127, 708;
97, 707;
105, 705;
84, 704;
100, 703;
108, 702;
134, 702;
129, 701;
87, 700;
108, 700;
104, 698;
111, 697;
112, 697;
119, 696;
140, 695;
91, 693;
98, 693;
136, 693;
144, 690;
96, 685;
114, 683;
136, 683;
138, 681;
152, 681;
117, 680;
139, 679;
100, 678;
107, 678;
127, 675;
152, 675;
109, 674;
138, 673;
111, 672;
124, 671;
162, 671;
107, 669;
113, 668;
162, 664;
163, 664;
163, 663;
169, 663;
130, 662;
154, 662;
164, 662;
113, 660;
115, 657;
140, 657;
157, 657;
114, 656;
119, 656;
176, 656;
135, 655;
172, 654;
122, 652;
144, 649;
146, 648;
164, 648;
178, 647;
144, 644;
123, 643;
149, 643;
122, 641;
167, 640;
190, 640;
129, 637;
132, 637;
175, 637;
153, 636;
155, 635;
194, 635;
134, 633;
151, 633;
193, 633;
156, 632;
175, 631;
129, 630;
175, 629;
160, 628;
181, 628;
199, 626;
137, 625;
182, 625;
133, 624;
140, 624;
136, 623;
179, 623;
205, 623;
183, 622;
142, 617;
193, 611;
197, 610;
216, 609;
199, 607;
220, 607;
217, 606;
174, 603;
218, 603;
197, 602;
149, 600;
225, 599;
207, 594;
184, 591;
158, 588;
159, 588;
156, 586;
192, 581;
167, 576;
193, 576;
250, 575;
201, 567;
203, 563;
232, 562;
240, 556;
212, 553;
270, 548;
214, 546;
246, 546;
251, 542;
280, 542;
253, 535;
222, 534;
228, 534;
287, 533;
229, 531;
195, 529;
233, 525;
292, 525;
272, 516;
214, 497;
322, 496;
324, 494;
293, 489;
218, 487;
348, 465;
351, 464;
];

C2= [
51, 761;
51, 760;
53, 760;
52, 758;
52, 757;
55, 757;
56, 757;
56, 756;
58, 756;
53, 755;
54, 755;
55, 755;
58, 755;
61, 755;
57, 754;
55, 753;
56, 753;
59, 753;
62, 753;
63, 753;
56, 752;
57, 752;
58, 752;
59, 752;
60, 752;
56, 751;
59, 751;
60, 751;
61, 751;
64, 751;
65, 750;
67, 750;
57, 749;
58, 749;
61, 749;
59, 748;
60, 748;
65, 748;
67, 748;
69, 748;
62, 747;
63, 747;
67, 747;
68, 747;
61, 746;
63, 746;
64, 746;
67, 746;
69, 746;
64, 745;
70, 745;
72, 745;
75, 745;
64, 744;
69, 744;
70, 744;
72, 744;
75, 744;
71, 743;
74, 743;
77, 743;
67, 742;
73, 742;
74, 742;
77, 742;
70, 741;
72, 741;
73, 741;
70, 740;
72, 740;
73, 740;
74, 740;
75, 740;
76, 740;
79, 740;
72, 739;
73, 739;
75, 739;
81, 739;
82, 739;
73, 737;
75, 737;
78, 737;
83, 737;
84, 737;
86, 737;
79, 736;
83, 736;
83, 735;
92, 735;
83, 734;
87, 734;
88, 734;
92, 734;
94, 734;
84, 733;
88, 733;
89, 733;
93, 733;
94, 733;
96, 733;
82, 732;
85, 732;
86, 732;
87, 732;
89, 732;
93, 732;
96, 732;
93, 731;
94, 731;
95, 731;
99, 731;
102, 731;
104, 731;
89, 730;
92, 730;
94, 730;
96, 730;
102, 730;
106, 730;
107, 730;
88, 729;
91, 729;
100, 729;
101, 729;
107, 729;
87, 728;
90, 728;
100, 728;
101, 728;
105, 728;
109, 728;
92, 727;
93, 727;
102, 727;
105, 727;
91, 726;
106, 726;
107, 726;
108, 726;
96, 725;
99, 725;
103, 725;
104, 725;
101, 724;
108, 724;
112, 724;
95, 723;
97, 723;
100, 723;
103, 723;
112, 723;
113, 722;
103, 720;
104, 720;
106, 720;
107, 720;
112, 720;
115, 720;
108, 719;
112, 719;
114, 719;
118, 719;
110, 718;
111, 718;
115, 718;
118, 718;
111, 716;
110, 715;
111, 715;
112, 714;
119, 714;
110, 713;
111, 713;
117, 713;
118, 713;
112, 712;
121, 712;
123, 712;
124, 712;
122, 711;
123, 709;
124, 709;
128, 708;
122, 707;
125, 707;
130, 707;
131, 706;
130, 704;
133, 703;
];

C3= [
38, 784;
38, 783;
39, 782;
40, 781;
40, 780;
41, 780;
42, 780;
41, 779;
42, 779;
43, 779;
41, 778;
42, 778;
43, 778;
44, 778;
42, 777;
43, 777;
44, 777;
44, 776;
45, 776;
48, 772;
51, 771;
52, 771;
49, 770;
51, 770;
53, 770;
53, 768;
55, 768;
53, 767;
54, 767;
55, 767;
56, 767;
55, 766;
56, 766;
57, 766;
55, 765;
56, 765;
57, 765;
56, 764;
57, 763;
58, 763;
59, 763;
59, 761;
60, 760;
61, 760;
62, 759;
65, 758;
67, 756;
69, 753;
70, 752;
71, 752;
73, 750;
72, 749;
73, 748;
73, 747;
74, 747;
76, 747;
75, 746;
76, 744;
79, 743;
81, 743;
79, 742;
80, 741;
81, 741;
82, 741;
81, 740;
83, 739;
84, 739;
83, 738;
85, 738;
85, 736;
86, 736;
90, 735;
91, 731;
94, 726;
95, 726;
96, 724;
102, 724;
101, 723;
104, 723;
102, 722;
105, 717;
106, 715;
107, 715;
108, 714;
113, 713;
116, 712;
116, 711;
113, 710;
113, 709;
114, 707;
118, 707;
123, 707;
115, 706;
124, 705;
119, 704;
118, 703;
119, 703;
122, 702;
125, 701;
130, 701;
129, 700;
126, 699;
132, 699;
134, 698;
133, 697;
136, 697;
130, 696;
131, 694;
129, 693;
135, 693;
139, 693;
140, 691;
134, 689;
140, 689;
145, 688;
140, 687;
147, 687;
149, 686;
150, 685;
144, 684;
150, 684;
141, 683;
144, 683;
151, 683;
152, 683;
141, 682;
144, 680;
156, 680;
157, 679;
152, 678;
159, 677;
158, 676;
160, 676;
154, 673;
156, 672;
158, 669;
162, 669;
164, 668;
160, 666;
166, 662;
171, 662;
167, 660;
171, 660;
170, 659;
173, 658;
171, 657;
178, 656;
176, 655;
176, 654;
182, 651;
179, 650;
188, 643;
192, 643;
];

C4= [
58, 769;
58, 768;
60, 767;
47, 766;
60, 766;
62, 766;
60, 765;
61, 765;
62, 765;
49, 764;
62, 764;
63, 764;
62, 763;
64, 763;
75, 763;
50, 762;
63, 762;
61, 761;
63, 761;
64, 761;
65, 761;
66, 761;
76, 761;
77, 760;
67, 759;
78, 759;
63, 758;
68, 758;
79, 758;
80, 758;
53, 757;
63, 757;
64, 757;
69, 757;
81, 757;
70, 756;
82, 756;
71, 755;
82, 755;
83, 755;
66, 754;
81, 754;
82, 754;
83, 754;
83, 753;
85, 753;
66, 752;
73, 752;
83, 752;
85, 752;
57, 751;
58, 751;
66, 751;
68, 751;
85, 751;
58, 750;
68, 750;
69, 749;
76, 749;
68, 748;
87, 748;
88, 748;
61, 747;
80, 747;
87, 747;
60, 746;
79, 746;
80, 745;
90, 744;
62, 743;
92, 742;
93, 742;
85, 741;
64, 740;
84, 740;
86, 740;
94, 740;
94, 739;
66, 738;
73, 738;
75, 738;
95, 738;
67, 736;
68, 736;
69, 736;
76, 736;
89, 736;
97, 736;
77, 735;
68, 734;
70, 734;
69, 733;
70, 733;
71, 733;
77, 733;
92, 733;
77, 732;
78, 732;
72, 731;
78, 731;
76, 730;
77, 730;
78, 729;
73, 728;
79, 728;
97, 728;
97, 727;
99, 726;
103, 726;
76, 725;
100, 725;
78, 724;
80, 724;
77, 723;
82, 723;
105, 723;
101, 722;
103, 722;
109, 722;
77, 721;
105, 721;
108, 721;
105, 720;
81, 718;
85, 718;
82, 717;
108, 716;
112, 716;
108, 715;
87, 714;
112, 713;
114, 712;
89, 711;
115, 711;
116, 710;
88, 709;
92, 708;
113, 708;
92, 707;
116, 707;
93, 706;
119, 706;
121, 706;
89, 705;
90, 705;
121, 705;
127, 696;
129, 694;
131, 692;
131, 691;
131, 690;
133, 689;
];

T ={C0 C1 C2 C3 C4 };

